%YAML:1.0
---
image_width: 640
image_height: 480
camera_matrix: !!opencv-matrix
   rows: 3
   cols: 3
   dt: d
   data: [ 3.1127158305550461e+02, 0., 2.9385942650759171e+02, 0.,
       3.1079973751365469e+02, 2.5539890459119309e+02, 0., 0., 1. ]
distortion_coefficients: !!opencv-matrix
   rows: 1
   cols: 5
   dt: d
   data: [ -3.3672813184844641e-01, 1.3007115818785267e-01,
       -5.1555078191171727e-04, -2.0564581482746722e-03,
       -2.1389973223889559e-02 ]
