%YAML:1.0
---
calibration_time: "jue 05 nov 2020 22:30:03"
image_width: 640
image_height: 480
flags: 0
camera_matrix: !!opencv-matrix
   rows: 3
   cols: 3
   dt: d
   data: [ 4.9857027127959122e+02, 0., 3.1713790849245356e+02, 0.,
       4.9904454027813273e+02, 2.5331937806908749e+02, 0., 0., 1. ]
distortion_coefficients: !!opencv-matrix
   rows: 1
   cols: 5
   dt: d
   data: [ 1.6052725276978219e-01, -2.5643742641179618e-01,
       3.4230291578373805e-03, 5.1683842366260580e-03,
       -1.5214634074432798e-01 ]
avg_reprojection_error: 2.4650264097044858e-01
