%YAML:1.0
---
image_width: 640
image_height: 480
camera_matrix: !!opencv-matrix
   rows: 3
   cols: 3
   dt: d
   data: [ 4.9840169602041357e+02, 0., 3.3314654337250738e+02, 0.,
       4.9977323841494427e+02, 2.2414163237787130e+02, 0., 0., 1. ]
distortion_coefficients: !!opencv-matrix
   rows: 1
   cols: 5
   dt: d
   data: [ 4.3580933734221644e-02, 2.2741361260318574e-01,
       -3.0396022015005495e-03, -5.8748601657344409e-03,
       -5.6796848113678167e-01 ]
